#Layer_Color=32768
#
#Feature symbol names
#
$0 r3.937
$1 r1.9685

#
#Feature attribute names
#

#
#Layer features
#
L 1.4852756 1.5602756 1.4852756 1.9697244 1 P 0
L 1.4852756 1.5602756 1.8947244 1.5602756 1 P 0
L 1.4852756 1.9697244 1.8947244 1.9697244 1 P 0
L 1.4895669 1.14063 1.4895669 1.2193701 0 P 0
L 1.4895669 1.14063 1.6273622 1.14063 0 P 0
L 1.4895669 1.2193701 1.6273622 1.2193701 0 P 0
L 1.5387795 1.18 1.5781496 1.18 0 P 0
L 1.5584645 1.160315 1.5584645 1.1996851 0 P 0
L 1.6273622 1.14063 1.6273622 1.2193701 0 P 0
L 1.6703149 1.765 1.709685 1.765 0 P 0
L 1.6811024 1.1406299 1.6811024 1.21937 0 P 0
L 1.6811024 1.1406299 1.8188977 1.1406299 0 P 0
L 1.6811024 1.21937 1.8188977 1.21937 0 P 0
L 1.69 1.745315 1.69 1.7846851 0 P 0
L 1.730315 1.18 1.7696851 1.18 0 P 0
L 1.7500001 1.1603149 1.7500001 1.199685 0 P 0
L 1.8188977 1.1406299 1.8188977 1.21937 0 P 0
L 1.8947244 1.5602756 1.8947244 1.9697244 1 P 0
L 1.9847243 1.0374803 1.9847243 1.2225197 0 P 0
L 1.9847243 1.0374803 2.0752755 1.0374803 0 P 0
L 1.9847243 1.2225197 2.0752755 1.2225197 0 P 0
L 1.99063 1.3211023 1.99063 1.4588976 0 P 0
L 1.99063 1.3211023 2.0693701 1.3211023 0 P 0
L 1.99063 1.4588976 2.0693701 1.4588976 0 P 0
L 2.0103148 1.13 2.0496849 1.13 0 P 0
L 2.010315 1.3899999 2.0496851 1.3899999 0 P 0
L 2.0299999 1.110315 2.0299999 1.1496851 0 P 0
L 2.03 1.3703149 2.03 1.409685 0 P 0
L 2.0693701 1.3211023 2.0693701 1.4588976 0 P 0
L 2.0752755 1.0374803 2.0752755 1.2225197 0 P 0
L 2.1311023 2.2856299 2.1311023 2.36437 0 P 0
L 2.1311023 2.2856299 2.2688976 2.2856299 0 P 0
L 2.1311023 2.36437 2.2688976 2.36437 0 P 0
L 2.1803149 2.325 2.219685 2.325 0 P 0
L 2.1999999 2.3053149 2.1999999 2.344685 0 P 0
L 2.2688976 2.2856299 2.2688976 2.36437 0 P 0
