#Layer_Color=32768
#
#Feature symbol names
#
$0 r3.937
$1 r1.9685

#
#Feature attribute names
#

#
#Layer features
#
L 1.4852756 1.5602756 1.4852756 1.9697244 1 P 0
L 1.4852756 1.5602756 1.8947244 1.5602756 1 P 0
L 1.4852756 1.9697244 1.8947244 1.9697244 1 P 0
L 1.4895669 1.14063 1.4895669 1.2193701 0 P 0
L 1.4895669 1.14063 1.6273622 1.14063 0 P 0
L 1.4895669 1.2193701 1.6273622 1.2193701 0 P 0
L 1.5387795 1.18 1.5781496 1.18 0 P 0
L 1.5584645 1.160315 1.5584645 1.1996851 0 P 0
L 1.6273622 1.14063 1.6273622 1.2193701 0 P 0
L 1.6703149 1.765 1.709685 1.765 0 P 0
L 1.6811024 1.1406299 1.6811024 1.21937 0 P 0
L 1.6811024 1.1406299 1.8188977 1.1406299 0 P 0
L 1.6811024 1.21937 1.8188977 1.21937 0 P 0
L 1.69 1.745315 1.69 1.7846851 0 P 0
L 1.730315 1.18 1.7696851 1.18 0 P 0
L 1.7500001 1.1603149 1.7500001 1.199685 0 P 0
L 1.8188977 1.1406299 1.8188977 1.21937 0 P 0
L 1.8947244 1.5602756 1.8947244 1.9697244 1 P 0
L 2.1311023 2.2856299 2.1311023 2.36437 0 P 0
L 2.1311023 2.2856299 2.2688976 2.2856299 0 P 0
L 2.1311023 2.36437 2.2688976 2.36437 0 P 0
L 2.1803149 2.325 2.219685 2.325 0 P 0
L 2.1999999 2.3053149 2.1999999 2.344685 0 P 0
L 2.2688976 2.2856299 2.2688976 2.36437 0 P 0
L 2.6356299 1.6561024 2.6356299 1.7938977 0 P 0
L 2.6356299 1.6561024 2.71437 1.6561024 0 P 0
L 2.6356299 1.7938977 2.71437 1.7938977 0 P 0
L 2.63563 1.3311023 2.63563 1.4688976 0 P 0
L 2.63563 1.3311023 2.7143701 1.3311023 0 P 0
L 2.63563 1.4688976 2.7143701 1.4688976 0 P 0
L 2.6553149 1.7250001 2.694685 1.7250001 0 P 0
L 2.655315 1.3999999 2.6946851 1.3999999 0 P 0
L 2.675 1.3803149 2.675 1.419685 0 P 0
L 2.675 1.705315 2.675 1.7446851 0 P 0
L 2.71437 1.6561024 2.71437 1.7938977 0 P 0
L 2.7143701 1.3311023 2.7143701 1.4688976 0 P 0
L 2.7297245 1.3324803 2.7297245 1.5175197 0 P 0
L 2.7297245 1.3324803 2.8202757 1.3324803 0 P 0
L 2.7297245 1.5175197 2.8202757 1.5175197 0 P 0
L 2.7553151 1.425 2.7946852 1.425 0 P 0
L 2.7750001 1.4053149 2.7750001 1.444685 0 P 0
L 2.8202757 1.3324803 2.8202757 1.5175197 0 P 0
